spawn:
  world: Survival
  x: 300.3358022135144
  y: 64.0
  z: 100.24525160176152
  yaw: -81.44961
  pitch: 16.050009
login:
  world: Survival
  x: 240.63812678355055
  y: 68.0
  z: 120.80984740759776
  yaw: -4.7979736
  pitch: 57.600086
